
>> %Task 2
>> x = [44 6 188857];
>> y = 35;
>> x*y
ans =

   1.5400e+03   2.1000e+02   6.6100e+06

>> ans./x
ans =

   35   35   35

>> ans-y
ans =

   0   0   0

>> x.^3
ans =

   8.5184e+04   2.1600e+02   6.7360e+15

>> diary off

>> diary on
>> %Task 3
>> a = [[3 6 5 2];[4 6 3 5];[2 3 2 6];[2 4 3 6]];
>> b = [3;0;4;3];
>> y = [2;0;1;1];
>> x = a.^2 \ b
x =

   0.920082
  -0.651121
   0.711569
   0.092597

>> x = (a.^3 .* a.' .* a.^2 .* a.') \ b
x =

  -3.4596e-03
   4.6961e-04
  -3.8298e-03
   8.9033e-05

>> z = y.' .* a.' .* a.^3 .* a.' .* y
z =

    972      0   1000     64
      0      0      0      0
    400      0     32   1944
     64      0    972   7776

>> z = (a - a.^2).^2
z =

    36   900   400     4
   144   900    36   400
     4    36     4   900
     4   144    36   900

>> z = 3 .* a.^3 - a.^2
z =

    72   612   350    20
   176   612    72   350
    20    72    20   612
    20   176    72   612

>> z = (a.^4 - a.^2).^2
z =

   5.1840e+03   1.5876e+06   3.6000e+05   1.4400e+02
   5.7600e+04   1.5876e+06   5.1840e+03   3.6000e+05
   1.4400e+02   5.1840e+03   1.4400e+02   1.5876e+06
   1.4400e+02   5.7600e+04   5.1840e+03   1.5876e+06

>> diary off
